Locus	Allele	Group.0	Group.1
28	L	164	325
28	P	516	406
28	S	158	91
41	F	105	257
41	L	9	9
41	Y	724	556
58	G	185	104
58	L	456	584
58	Y	197	134
62	H	233	162
62	S	166	173
62	Y	439	487
69	D	9	9
69	I	166	173
69	Y	663	640
87	L	166	173
87	P	316	211
87	R	356	438
89	A	260	235
89	D	406	470
89	S	25	21
89	V	147	96
102	E	27	14
102	G	287	380
102	R	524	428
103	A	156	90
103	D	27	14
103	K	166	173
103	T	489	545
106	A	166	173
106	E	489	545
106	S	183	104
118	A	298	390
118	E	507	397
118	G	33	35
119	F	140	299
119	L	507	397
119	Y	191	126
157	A	507	397
157	G	173	334
157	S	158	91
