Locus	Allele	Group.0	Group.1
28	L	0.1957	0.39538
28	P	0.61575	0.49392
28	S	0.18854	0.11071
41	F	0.1253	0.31265
41	L	0.01074	0.01095
41	Y	0.86396	0.6764
58	G	0.22076	0.12652
58	L	0.54415	0.71046
58	Y	0.23508	0.16302
62	H	0.27804	0.19708
62	S	0.19809	0.21046
62	Y	0.52387	0.59246
69	D	0.01074	0.01095
69	I	0.19809	0.21046
69	Y	0.79117	0.77859
87	L	0.19809	0.21046
87	P	0.37709	0.25669
87	R	0.42482	0.53285
89	A	0.31026	0.28589
89	D	0.48449	0.57178
89	S	0.02983	0.02555
89	V	0.17542	0.11679
102	E	0.03222	0.01703
102	G	0.34248	0.46229
102	R	0.6253	0.52068
103	A	0.18616	0.10949
103	D	0.03222	0.01703
103	K	0.19809	0.21046
103	T	0.58353	0.66302
106	A	0.19809	0.21046
106	E	0.58353	0.66302
106	S	0.21838	0.12652
118	A	0.35561	0.47445
118	E	0.60501	0.48297
118	G	0.03938	0.04258
119	F	0.16706	0.36375
119	L	0.60501	0.48297
119	Y	0.22792	0.15328
157	A	0.60501	0.48297
157	G	0.20644	0.40633
157	S	0.18854	0.11071
