Locus	Allele	Group.0	Group.1
33	F	0.59785	0.60097
33	S	0.12291	0.17153
33	T	0.09427	0.05839
33	Y	0.18496	0.1691
86	E	0.10263	0.1326
86	G	0.28162	0.21168
86	L	0.04296	0.02311
86	Q	0.44869	0.52068
86	R	0.12411	0.11192
87	E	0.83294	0.86496
87	N	0.12411	0.11192
87	Q	0.04296	0.02311
100	A	0.2327	0.22628
100	E	0.17661	0.22749
100	V	0.59069	0.54623
101	D	0.59069	0.54623
101	N	0.34129	0.38321
101	S	0.06802	0.07056
103	A	0	0.00122
103	G	0.82936	0.79562
103	R	0.17064	0.20316
119	I	0.61337	0.6545
119	L	0.11456	0.14234
119	V	0.27208	0.20316
121	I	0.36993	0.4562
121	M	0.26611	0.24939
121	R	0.36396	0.2944
123	C	0.00119	0
123	F	0.10263	0.13504
123	Y	0.89618	0.86496
138	E	0.02029	0.03893
138	H	0.39737	0.36375
138	Q	0.16348	0.1399
138	R	0.41885	0.45742
140	D	0.58234	0.59732
140	H	0.02029	0.03893
140	Y	0.39737	0.36375
176	A	0.21241	0.24088
176	E	0.20525	0.23844
176	R	0.00597	0.01946
176	V	0.56205	0.48662
176	W	0.01432	0.0146
180	L	0.57995	0.5292
180	Q	0.15632	0.17883
180	R	0.14916	0.17883
180	W	0.11456	0.11314
