Locus	Allele	Group.0	Group.1
33	F	501	494
33	S	103	141
33	T	79	48
33	Y	155	139
86	E	86	109
86	G	236	174
86	L	36	19
86	Q	376	428
86	R	104	92
87	E	698	711
87	N	104	92
87	Q	36	19
100	A	195	186
100	E	148	187
100	V	495	449
101	D	495	449
101	N	286	315
101	S	57	58
103	A	0	1
103	G	695	654
103	R	143	167
119	I	514	538
119	L	96	117
119	V	228	167
121	I	310	375
121	M	223	205
121	R	305	242
123	C	1	0
123	F	86	111
123	Y	751	711
138	E	17	32
138	H	333	299
138	Q	137	115
138	R	351	376
140	D	488	491
140	H	17	32
140	Y	333	299
176	A	178	198
176	E	172	196
176	R	5	16
176	V	471	400
176	W	12	12
180	L	486	435
180	Q	131	147
180	R	125	147
180	W	96	93
