Locus	Allele	Group.0	Group.1
38	E	0.5895	0.5
38	K	0.00358	0.00487
38	W	0.40692	0.49513
39	E	0.00955	0.00852
39	Q	0.58592	0.60706
39	Y	0.40453	0.38443
40	D	0.00358	0.00487
40	G	0.13962	0.08516
40	L	0.12888	0.06934
40	P	0.13842	0.34063
40	S	0.40453	0.38443
40	V	0.18496	0.11557
42	F	0.142	0.08273
42	G	0.05131	0.03163
42	H	0.17542	0.10706
42	R	0.13842	0.34063
42	S	0.35322	0.3528
42	Y	0.13962	0.08516
55	F	0.74582	0.75912
55	L	0.15513	0.08759
55	Y	0.09905	0.15328
57	D	0.70048	0.82238
57	E	0.29594	0.17275
57	H	0.00358	0.00487
59	C	0.12888	0.06934
59	G	0.00358	0.00487
59	H	0.01671	0.00973
59	L	0.13962	0.08516
59	R	0.00955	0.00852
59	Y	0.70167	0.82238
60	F	0.858	0.91727
60	I	0.13246	0.07421
60	V	0.00955	0.00852
66	F	0.16229	0.09611
66	L	0.01671	0.00973
66	N	0.19928	0.24696
66	S	0.2673	0.40998
66	Y	0.35442	0.23723
67	A	0.00955	0.00852
67	L	0.01671	0.00973
67	V	0.97375	0.98175
86	A	0.02267	0.01095
86	D	0.7673	0.84307
86	S	0.05012	0.04623
86	V	0.1599	0.09976
89	H	0.02267	0.01095
89	S	0.1599	0.10097
89	Y	0.81742	0.88808
96	F	0.1778	0.12895
96	I	0.41408	0.54866
96	L	0.40811	0.32238
99	D	0.4821	0.35645
99	Q	0.4821	0.61922
99	R	0.0358	0.02433
100	A	0.11217	0.31752
100	E	0.13484	0.12165
100	K	0.20764	0.21898
100	R	0.54535	0.34185
103	A	0.68974	0.71655
103	E	0.03938	0.02798
103	L	0.0358	0.0219
103	Q	0.13962	0.08516
103	R	0.09547	0.14842
125	E	0.12888	0.06934
125	H	0.54773	0.47445
125	Q	0.14797	0.34915
125	Y	0.17542	0.10706
