Locus	Allele	Group.0	Group.1
38	E	494	411
38	K	3	4
38	W	341	407
39	E	8	7
39	Q	491	499
39	Y	339	316
40	D	3	4
40	G	117	70
40	L	108	57
40	P	116	280
40	S	339	316
40	V	155	95
42	F	119	68
42	G	43	26
42	H	147	88
42	R	116	280
42	S	296	290
42	Y	117	70
55	F	625	624
55	L	130	72
55	Y	83	126
57	D	587	676
57	E	248	142
57	H	3	4
59	C	108	57
59	G	3	4
59	H	14	8
59	L	117	70
59	R	8	7
59	Y	588	676
60	F	719	754
60	I	111	61
60	V	8	7
66	F	136	79
66	L	14	8
66	N	167	203
66	S	224	337
66	Y	297	195
67	A	8	7
67	L	14	8
67	V	816	807
86	A	19	9
86	D	643	693
86	S	42	38
86	V	134	82
89	H	19	9
89	S	134	83
89	Y	685	730
96	F	149	106
96	I	347	451
96	L	342	265
99	D	404	293
99	Q	404	509
99	R	30	20
100	A	94	261
100	E	113	100
100	K	174	180
100	R	457	281
103	A	578	589
103	E	33	23
103	L	30	18
103	Q	117	70
103	R	80	122
125	E	108	57
125	H	459	390
125	Q	124	287
125	Y	147	88
