Locus	Allele	Group.0	Group.1
28	F	0	0.00122
28	S	1	0.99878
33	D	0.09308	0.12409
33	H	0.24105	0.22749
33	Y	0.66587	0.64842
48	A	0.29356	0.27737
48	S	0.38067	0.4927
48	T	0.32578	0.22993
54	D	0.93437	0.92336
54	G	0.06563	0.07664
56	L	0.29356	0.21168
56	Q	0.70644	0.78832
69	E	0.36158	0.44526
69	K	0.25179	0.18005
69	M	0.13007	0.12409
69	T	0.25656	0.25061
70	A	0.13007	0.12409
70	E	0.86993	0.87591
91	C	0.1253	0.09246
91	F	0.2494	0.25669
91	M	0.04415	0.05109
91	S	0.43914	0.37348
91	Y	0.142	0.22628
94	K	0.04177	0.03285
94	N	0.77208	0.68978
94	Q	0.142	0.22628
94	S	0.04415	0.05109
101	D	0.06086	0.05474
101	G	0	0.00122
101	N	0.31862	0.24453
101	S	0.62053	0.69951
104	I	0.15274	0.14234
104	N	0.62053	0.70073
104	T	0.22673	0.15693
119	I	0.29117	0.23723
119	L	0.54296	0.60341
119	W	0.16587	0.15937
121	N	0.04177	0.03163
121	R	0.52029	0.43187
121	S	0.23031	0.35401
121	T	0.13126	0.11192
121	V	0.03341	0.03771
121	W	0.04296	0.03285
123	F	0.00358	0.00365
123	H	0.00119	0
123	S	0.01909	0.02676
123	Y	0.97613	0.96959
127	L	0.19332	0.16788
127	M	0	0.00122
127	V	0.80668	0.8309
138	D	0.50119	0.54136
138	H	0.05012	0.04258
138	N	0.44869	0.41606
140	D	0.1778	0.12652
140	F	0.11695	0.10219
140	L	0.08831	0.08151
140	S	0.23747	0.23844
140	Y	0.37947	0.45134
180	D	0.21599	0.23723
180	L	0.59905	0.49513
180	R	0.1253	0.20803
180	W	0.05967	0.05961
187	E	0.27208	0.28954
187	L	0.44033	0.38929
187	T	0.28759	0.32117
