Locus	Allele	Group.0	Group.1
28	F	0	1
28	S	838	821
33	D	78	102
33	H	202	187
33	Y	558	533
48	A	246	228
48	S	319	405
48	T	273	189
54	D	783	759
54	G	55	63
56	L	246	174
56	Q	592	648
69	E	303	366
69	K	211	148
69	M	109	102
69	T	215	206
70	A	109	102
70	E	729	720
91	C	105	76
91	F	209	211
91	M	37	42
91	S	368	307
91	Y	119	186
94	K	35	27
94	N	647	567
94	Q	119	186
94	S	37	42
101	D	51	45
101	G	0	1
101	N	267	201
101	S	520	575
104	I	128	117
104	N	520	576
104	T	190	129
119	I	244	195
119	L	455	496
119	W	139	131
121	N	35	26
121	R	436	355
121	S	193	291
121	T	110	92
121	V	28	31
121	W	36	27
123	S	16	22
123	Y	818	797
123	binned	4	3
127	L	162	138
127	M	0	1
127	V	676	683
138	D	420	445
138	H	42	35
138	N	376	342
140	D	149	104
140	F	98	84
140	L	74	67
140	S	199	196
140	Y	318	371
180	D	181	195
180	L	502	407
180	R	105	171
180	W	50	49
187	E	228	238
187	L	369	320
187	T	241	264
