Locus	Allele	Group.0	Group.1
33	D	0.39379	0.5073
33	F	0.03103	0.02433
33	S	0.12053	0.09854
33	Y	0.45465	0.36983
119	F	0.01313	0.01217
119	I	0.1778	0.13869
119	L	0.80907	0.84915
123	C	0.03103	0.02433
123	F	0.12172	0.09854
123	S	0.12291	0.20925
123	Y	0.72434	0.66788
140	F	0.26014	0.22871
140	L	0.02745	0.02068
140	S	0.54535	0.63017
140	Y	0.16706	0.12044
176	A	0.32816	0.42701
176	E	0.67064	0.57178
176	T	0.00119	0.00122
180	D	0.01313	0.01217
180	L	0.45823	0.52798
180	Q	0.0358	0.02676
180	R	0.27685	0.22506
180	W	0.21599	0.20803
187	E	0.05847	0.05961
187	L	0.13842	0.09611
187	T	0.8031	0.84428
201	D	0.00119	0
201	E	0.86038	0.88443
201	K	0.13842	0.11557
208	*	0.00119	0
208	H	0.70286	0.58151
208	P	0.28878	0.40024
208	R	0.00716	0.01825
299	*	0.00119	0
299	E	0.75656	0.78589
299	G	0.1253	0.10341
299	K	0.11695	0.11071
309	*	0.00119	0
309	L	0.00716	0.01825
309	M	0.28878	0.40024
309	V	0.70286	0.58151
