Locus	Allele	Group.0	Group.1
33	D	330	417
33	F	26	20
33	S	101	81
33	Y	381	304
119	F	11	10
119	I	149	114
119	L	678	698
123	C	26	20
123	F	102	81
123	S	103	172
123	Y	607	549
140	F	218	188
140	L	23	17
140	S	457	518
140	Y	140	99
176	A	275	351
176	E	562	470
176	T	1	1
180	D	11	10
180	L	384	434
180	Q	30	22
180	R	232	185
180	W	181	171
187	E	49	49
187	L	116	79
187	T	673	694
201	D	1	0
201	E	721	727
201	K	116	95
208	*	1	0
208	H	589	478
208	P	242	329
208	R	6	15
299	*	1	0
299	E	634	646
299	G	105	85
299	K	98	91
309	*	1	0
309	L	6	15
309	M	242	329
309	V	589	478
